[Galactic] 

NAXIS1 = 10801
NAXIS2 = 601 
CRPIX1 = 5401 
CRPIX2 = 301
CDELT1 = -0.0166666
CDELT2 =  0.0166666
CTYPE1 = 'GLON-CAR'
CTYPE2 = 'GLAT-CAR'
CRVAL1 = 90.0 
CRVAL2 = 0.0 

[M31]

NAXIS1 = 601
NAXIS2 = 601 
CRPIX1 = 301 
CRPIX2 = 301
CDELT1 = -0.0166666
CDELT2 =  0.0166666
CTYPE1 = 'GLON-CAR'
CTYPE2 = 'GLAT-CAR'
CRVAL1 = 121.174329 
CRVAL2 = -21.573309
